Practice 1
A. 
1. 4
2. 8
3. 9
4. 1
5. 6
6. 7
7. 3
B
8. 500
9. 80
10. 1100
11. 12000
12. 2000
13. 100

C
14. 100
15. 341
16. 1145
17. 125391

D
18. 18, 23, 39, 45
19. 89, 91, 109, 111
20. 909, 932, 1087, 1139

D
21. 1420, 1425, 1429, 1432
22. 11098, 12071, 12131
23. 15298, 15309, 15356

E. 
24. C
25. C

Practice 2.1
A. 
1. 77
2. 100
3. 52
4. 36
5. 190
6. 4078
7. 43
8. 2117

B. 
9. 65
10. 114
11. 180
12. 293
13. 483
14. 456
15. 2419
16. 900
17. 11308
18. 15185
19. 131197
20. 30899
21. B
22. C

Practice 2.2
A. 
1. 484
2. 1000
3. 2736
4. 13
5. 105
6. 21
7. 1350
8. 2625
9. 3376
10. 28
11. 15
12. 6

B. 
13. 250
14. 44.75
15. 300
16. 200.8
17. 150
18. 67068
19. 538
20. 384
21. 12011.6(6)
C. 
22. D
23. C
24. B

Practice 3.1

A.
1. 5
2. 45
3. 13
4. 1
5. 1
6. 10
7. - 3
8. 13
9. -4
10. 2
11. -22
12. 32
13. -50
14. -11
15. 25
16. -35
17. -14
18. 11
19. 10
20. 75
21. 12
22. 2
23. -1
24. -13
25. B
26. C

Practice 3.2
1. 20
2. -21
3. -48
4. 18
5. -10
6. 12
7. 8
8. -20
9. 2
10. -5
11. -28
12. -3
13. -1
14. -75
15. 6
16. -20
17. -300
18. 2
19. -5
20. 660
21. 12
22. -120
23. -5
24. -12
25. 20
26. 1
27. 0
28. B
29. C
30. C

Practice 4
1. 24
2. 32
3. 29
4. 2
5. 1
6. 20
7. 14
8. 55
9. 10
10. 23
11. 161
12. 30
13. 360
14. 4
15. 6
16. C
17. B
18. B

Practice 5
1. 18
2. 107
3. 423
4. 95
5. 7026
6. 18
7. 5708432
8. 85.6
9. 42
10. 10.5
11. 163.24
12. 3.14
13. 11
14. -156
15. 156
16. 3
17. -91
18. 0
19. 620
20. -7
21. -20
22. -1
23. 2.125
24. -11
25. D
26. D
27. C
28. A

Practice 7
1. 9
2. 4
3. 3
4. 1
5. 9
6. 7
7. 125
8. 1/16
9. 6561
10. 1296
11. 12.2
12. 8000
13. 1
14. 0.0625
15. 15.6
16. 10.89
17. 7.5
18. 23.2
19. 1
20. 256
21. C
22. A

Practice 8
1. 2.3 x 10^3
2. 4.2 X 10^-4
3. 1.24 X 10^7
4. 1.432 X 10^10
5. 3.6 X 10^7
6. 9.5 X 10^-3
7. 5.8 X 10^-7
8. 1.5 X 10^11
9. 9 X 10^-9
10. 0.0005173
11. 3700000
12. 480000000
13. 0.000017
14. 0.0072
15. 916000
16. 85910000
17. 0.00000956
18. 2.35 X 10^4
19. 1X10^9
20. 2670000000
21. 3 X 10^8
22. B
23. D

Practice 9.1
4. C
5. D
6. A
7. D

Practice 9.2
1. C
2. B
3. B
4. C
5. A
6. A

Practice  10
2. distance. d = rt
3. time. t = d/r
4. rate. r = c/n
5. cost. c = nr
6. number. n = c/r
7. c = nr = 12x4 = 48
8. c = nr = 12x3 = 36
9. r = c/n = 320/4 = 80
10. n = c/r = 25/5 = 5
11. r = c/n = 20/10 = 2
12. d = rt = 60 x 3 = 180
13. d = rt = 50 x 4 = 200
14. t = d/r = 25/25 = 1
15. r = d/t = 270/3 = 90
16. t = d/r = 75/25 = 3
17. A
18. D

Section 2
Practice 1
1. 3.8
2. 6
3. 0.43
4. 0.667
5. 8.1
6. 2.714
7. 0.45
8. 0.08
9. 4.68
10. 1.85
11. 1.029
12. 0.14
13. 5.08, 5.6, 5.8, 5.802
14. 0.1136, 0.115, 0.12, 0.2
15. 4.52, 4.667, 4.8, 14.005
16. 0.8, 0.8023, 0.803, 0.823
17. A
18. D

Practice 2.1
1. 7.996
2. 10.508
3. 12.26
4. 5.85
5. 7.426
6. 2.11
7. 18.094
8. 5.117
9. 21.32
10. 0.895
11. 3.84
12. 2.35
25. A
27. A

Practice 2.2
1. 2.65
2. 12.8
3. 0.496
4. 0.52
5. 3.6
6. 4.09
7. 8.75
8. 3.375
9. 9.6681
10. 24
11. 14.2
12. 15800
25. 0.26
26. B

Practice 3
1. 3/5
2. 1/2
3. 2/3
4. 7/3 = 2 1/3
5. 7/2 = 3 1/2
6. 15/4 = 3 3/4
7. 5 2/3
8. 18/5
9. 4
10. 42/9
19. 48/60
20. 15/40
21. 24/100
25. 13/15
26. 2/3
27. A
28. C

Practice 4.1
26. B
27. C
28. A
29. C

Practice 4.2
19. B
20. B
21. B
22. C

Practice 5
1. B
2. C
3. B
4. C
5. B

Practice 6
1. A
2. D
3. C
4. 2/3
5. 4.625
6. 9.3(3)
7. 3 1/3
8. 11 5/6

SECTION 3
Practice 1.1
1. 4:1
2. 1:6
3. 12:1
4. 2:5
5. 24:1
10. A
11. B
12. A

Practice 1.2
1. 12
2. 45
3. 2.5
4. 60
5. 371
17. B
18. C
19. B






